17621
140647
56040
56046
24547
58543
134810
132525
9808
56044
63838
17622
17623
56041
4134
4837
4808
141425
24444
134543
56047
58772
140329
136958
140330
38283
23724
140490
140265
134772
58593
137718
131325
269254
37963
24445
140491
58563
9405
4812
136197
134774
58461
137698
56048
63646
140061
61948
136194
17816
4811
140492
23910
136959
136195
37942
17428
132510
38019
264076
133774
268288
134768
24406
23650
17638
55826
140493
140292
138950
134761
140494
133775
270685
140707
136191
4809
133111
58541
45090
140495
134419
135061
10212
140716
136167
140483
137735
140276
140717
270875
139138
140484
45576
136192
140538
17633
56042
140487
149979
24151
136190
328543
137695
140536
139220
140488
137702
4835
148969
58519
133776
140489
139203
139462
139154
24424
138421
271016
55960
134760
134771
140105
265475
45061
24372
63835
24371
45062
134756
63570
134769
149837
28610
271402
58466
24400
17799
140496
134770
268238
142608
140527
135629
132833
139007
140497
24302
139080
139141
53102
38381
268607
271478
4847
38365
269298
138169
58834
131486
140521
140522
140519
140518
140520
140511
140510
140512
140513
140508
140509
140516
140517
140514
140515
138991
272269
139188
61802
137693
9929
140726
4816
140083
149178
268924
140345
55994
271380
4538
24349
140534
139721
139100
139179
140886
58448
58811
58536
38364
7641
10206
38367
24350
45275
268920
140056
135089
328580
269177
140533
17968
138982
36678
10100
134542
133119
3225
133118
140979
137539
132147
140336
133465
141771
134420
4859
24363
140537
24139
140486
140485
139887
139161
58540
24367
17897
24364
23844
272764
140337
134764
134763
137689
150145
269315
137799
140535
272446
136188
137690
63629
131285
137692
134238
139201
272603
59083
139136
140359
55990
140334
146629
140636
146628
146627
146626
272725
17775
146633
58542
146632
58866
146631
146630
140357
146621
140529
146620
146619
52944
146618
146625
132153
139090
141679
58571
146624
146623
